early_min=1
834.00
860.00
830.00
700.00
714.00
668.00
656.00
682.00
722.00
748.00
742.00
736.00
714.00
704.00
684.00
678.00
672.00
740.00
812.00
768.00
752.00
786.00
792.00
784.00
804.00
800.00
796.00
754.00
756.00
738.00
740.00
728.00
708.00
698.00
718.00
710.00
770.00
788.00
790.00
766.00
710.00
678.00
642.00
648.00
634.00
658.00
702.00
734.00
750.00
760.00
754.00
726.00
744.00
760.00
788.00
766.00
748.00
710.00
694.00
684.00
710.00
706.00
726.00
726.00
742.00
738.00
740.00
736.00
684.00
674.00
646.00
630.00
616.00
604.00
610.00
620.00
666.00
776.00
870.00
868.00
830.00
early_min=2
672.00
666.00
668.00
682.00
658.00
686.00
702.00
736.00
746.00
756.00
792.00
876.00
842.00
816.00
790.00
794.00
760.00
734.00
718.00
712.00
728.00
750.00
776.00
788.00
808.00
726.00
740.00
734.00
734.00
716.00
684.00
666.00
672.00
678.00
680.00
686.00
708.00
694.00
688.00
686.00
662.00
668.00
734.00
812.00
832.00
814.00
782.00
744.00
686.00
700.00
708.00
742.00
798.00
730.00
766.00
790.00
766.00
804.00
790.00
730.00
750.00
744.00
766.00
740.00
790.00
834.00
848.00
836.00
846.00
842.00
802.00
782.00
792.00
750.00
790.00
748.00
730.00
676.00
666.00
early_min=3
682.00
842.00
866.00
852.00
800.00
788.00
786.00
766.00
714.00
674.00
688.00
720.00
776.00
820.00
822.00
804.00
728.00
748.00
770.00
824.00
812.00
796.00
806.00
852.00
794.00
824.00
818.00
750.00
756.00
794.00
856.00
884.00
828.00
784.00
770.00
778.00
788.00
762.00
692.00
704.00
668.00
694.00
752.00
766.00
752.00
768.00
770.00
754.00
740.00
756.00
766.00
760.00
758.00
814.00
798.00
868.00
934.00
920.00
856.00
850.00
808.00
798.00
824.00
792.00
768.00
722.00
692.00
710.00
712.00
760.00
792.00
770.00
698.00
694.00
688.00
728.00
800.00
early_min=4
714.00
748.00
758.00
786.00
800.00
790.00
760.00
736.00
724.00
714.00
676.00
656.00
650.00
634.00
634.00
662.00
706.00
770.00
852.00
892.00
878.00
780.00
778.00
750.00
698.00
684.00
690.00
702.00
718.00
730.00
696.00
684.00
654.00
632.00
638.00
690.00
752.00
832.00
870.00
960.00
924.00
822.00
826.00
826.00
810.00
838.00
832.00
862.00
876.00
842.00
874.00
870.00
840.00
878.00
862.00
868.00
814.00
844.00
842.00
794.00
852.00
790.00
722.00
708.00
664.00
680.00
702.00
636.00
634.00
646.00
642.00
660.00
690.00
698.00
684.00
674.00
690.00
718.00
early_min=5
816.00
842.00
742.00
752.00
818.00
966.00
980.00
972.00
938.00
940.00
956.00
958.00
958.00
934.00
902.00
878.00
840.00
890.00
908.00
904.00
822.00
770.00
810.00
860.00
838.00
812.00
832.00
794.00
796.00
816.00
750.00
702.00
680.00
648.00
664.00
716.00
752.00
762.00
798.00
798.00
820.00
748.00
774.00
784.00
796.00
828.00
820.00
792.00
752.00
736.00
698.00
692.00
716.00
732.00
758.00
780.00
794.00
792.00
802.00
836.00
774.00
794.00
842.00
858.00
840.00
806.00
802.00
788.00
850.00
884.00
926.00
826.00
838.00
early_min=6
842.00
